# det nr	max range e_rec (MeV)	par N	par x	par x^2	par x^3	par x^4
0	445	1.00554	0.000293147	-1.45111e-06	3.71121e-09	-4.27844e-12
1	475	1.00554	0.000293147	-1.45111e-06	3.71121e-09	-4.27844e-12
2	495	1.00846	0.000157442	-3.92653e-07	5.41103e-10	-9.02999e-13
3	445	1.00349	0.000360167	-2.12482e-06	6.70376e-09	-8.40803e-12
4	465	1.00139	0.000440536	-2.90062e-06	9.08963e-09	-1.04931e-11
5	495	1.00039	0.000320604	-1.56644e-06	3.94857e-09	-4.10211e-12
6	505	1.00498	0.00024915	-1.00575e-06	2.22068e-09	-2.25112e-12
7	515	1.00716	0.000176996	-5.22428e-07	8.74081e-10	-8.84053e-13
8	525	1.00718	0.000176897	-5.02081e-07	5.64148e-10	-3.75941e-13
9	545	1.00231	0.000277103	-1.21832e-06	2.44191e-09	-1.986e-12
10	575	1.00785	9.10159e-05	3.11607e-08	-7.23496e-10	7.01335e-13
11	565	1.00273	0.000247063	-1.0203e-06	2.2594e-09	-2.21069e-12
12	565	1.00796	8.13602e-05	2.9746e-07	-1.6033e-09	1.48071e-12
13	605	1.00697	0.000113717	-2.28171e-07	1.00232e-10	-9.90866e-14
14	605	1.00716	9.92594e-05	5.31653e-09	-6.84702e-10	6.71866e-13
15	625	1.006	0.000121151	-2.87418e-07	3.65297e-10	-4.1467e-13
16	675	1.00894	0.000149933	-5.92561e-07	1.10815e-09	-9.33911e-13
17	0	1.00000	0.00000	0.00000	0.00000	0.00000
18	785	1.00743	0.000137986	-4.55395e-07	6.36535e-10	-4.09705e-13
19	695	1.00909	0.000110083	-1.79483e-07	-1.47466e-10	1.97011e-13
20	725	1.00616	8.08952e-05	-2.73769e-08	-3.91935e-10	3.17948e-13
21	825	1.00364	8.64582e-05	-9.2014e-08	-1.45987e-10	1.53532e-13
22	805	1.00331	0.000122149	-2.76667e-07	1.22386e-10	3.85079e-14
23	855	1.00442	7.62374e-05	-9.2103e-08	-1.18702e-10	1.16025e-13
24	905	1.0043	7.73345e-05	-1.43805e-07	-4.4452e-12	6.92406e-14
25	955	1.00606	6.76866e-05	-1.45424e-07	8.26754e-11	-2.74297e-14
26	0	1.00000	0.00000	0.00000	0.00000	0.00000
27	0	1.00000	0.00000	0.00000	0.00000	0.00000
28	0	1.00000	0.00000	0.00000	0.00000	0.00000
29	0	1.00000	0.00000	0.00000	0.00000	0.00000
30	0	1.00000	0.00000	0.00000	0.00000	0.00000
31	0	1.00000	0.00000	0.00000	0.00000	0.00000
32	0	1.00000	0.00000	0.00000	0.00000	0.00000
33	0	1.00000	0.00000	0.00000	0.00000	0.00000
34	0	1.00000	0.00000	0.00000	0.00000	0.00000
35	0	1.00000	0.00000	0.00000	0.00000	0.00000
36	0	1.00000	0.00000	0.00000	0.00000	0.00000
37	0	1.00000	0.00000	0.00000	0.00000	0.00000
38	0	1.00000	0.00000	0.00000	0.00000	0.00000
39	905	1.00408	6.15744e-05	-1.28223e-07	8.56895e-11	-3.65293e-14
40	0	1.00000	0.00000	0.00000	0.00000	0.00000
41	955	1.00342	7.36839e-05	-2.26062e-07	2.45431e-10	-1.20072e-13
42	995	1.00279	5.13051e-05	-7.70678e-08	-2.78377e-11	1.66433e-14
43	935	1.00243	6.64224e-05	-1.17992e-07	-3.08867e-11	6.94354e-14
44	895	1.00071	8.78889e-05	-2.00246e-07	1.21006e-10	-4.13364e-14
45	835	1.00148	8.17071e-05	-1.93493e-07	1.16242e-10	-3.75038e-14
46	795	1.00131	8.92817e-05	-2.11457e-07	1.33879e-10	-4.46746e-14
47	735	1.00308	6.17651e-05	-3.40003e-08	-2.75876e-10	2.15103e-13
48	445	1.01106	9.54007e-05	2.11265e-07	-1.19269e-09	6.8244e-13
49	465	1.0029	0.000343221	-1.83621e-06	5.01026e-09	-5.63639e-12
50	515	1.00795	0.000200654	-7.80308e-07	1.98763e-09	-2.43695e-12
51	445	1.00779	0.000222194	-7.8851e-07	1.5994e-09	-1.86122e-12
52	465	1.00356	0.000340435	-1.92856e-06	5.3604e-09	-5.94008e-12
53	515	1.00369	0.000262585	-1.02148e-06	2.19996e-09	-2.3541e-12
54	495	1.00764	0.000248104	-1.4634e-06	4.40025e-09	-5.07302e-12
55	485	1.00561	0.000221525	-7.86102e-07	1.28378e-09	-1.08458e-12
56	545	1.00276	0.000263804	-1.10116e-06	2.24564e-09	-1.98637e-12
57	555	1.00681	0.00014576	-3.47509e-07	2.97466e-10	-2.88086e-13
58	625	1.00509	0.000164447	-4.68475e-07	5.79661e-10	-4.70189e-13
59	535	1.00723	0.000129326	-1.89951e-07	-3.41441e-10	4.57297e-13
60	565	1.00763	0.000141832	-4.89806e-07	1.09906e-09	-1.31179e-12
61	615	1.00506	0.000120409	-3.83505e-08	-8.8141e-10	9.97625e-13
62	615	1.00687	0.0001174	-2.25173e-07	1.55974e-10	-2.32086e-13
63	625	1.00412	0.000148379	-3.93131e-07	3.87171e-10	-2.58646e-13
64	655	1.00255	0.000187947	-8.19695e-07	1.64901e-09	-1.33454e-12
65	685	1.00509	8.88304e-05	-6.90097e-08	-2.98499e-10	2.57697e-13
66	775	1.0042	9.47128e-05	-2.19316e-07	1.34173e-10	-5.03663e-14
67	665	1.00527	0.000109259	-2.00203e-07	1.01339e-11	2.71392e-14
68	675	1.00394	0.000137545	-3.94437e-07	4.16694e-10	-2.51382e-13
69	825	1.00424	9.50675e-05	-2.02528e-07	4.22406e-11	4.11691e-14
70	755	1.00497	0.00014278	-4.758e-07	5.98019e-10	-3.71319e-13
71	785	1.00243	0.00020316	-9.11658e-07	1.56488e-09	-1.05386e-12
72	925	1.00699	0.000125151	-4.18995e-07	4.25284e-10	-1.94806e-13
73	945	1.00572	7.64158e-05	-1.74225e-07	3.70355e-11	2.10515e-14
74	945	1.00551	5.64092e-05	-9.85923e-08	-2.58838e-11	4.24057e-14
75	845	1.00479	7.53426e-05	-1.67577e-07	9.37716e-12	6.17968e-14
76	815	1.00348	8.81057e-05	-2.41375e-07	2.39558e-10	-1.44399e-13
77	955	1.004	4.9817e-05	-5.37297e-08	-1.00086e-10	8.01234e-14
78	855	1.00316	7.9145e-05	-1.49245e-07	1.50645e-11	2.65025e-14
79	805	1.00384	8.01401e-05	-2.23685e-07	2.19325e-10	-1.43448e-13
80	955	1.0042	5.94642e-05	-1.12099e-07	2.32168e-11	1.17741e-14
81	915	1.00161	8.06756e-05	-1.83423e-07	8.16442e-11	5.13456e-15
82	915	1.00207	7.38473e-05	-1.7554e-07	1.14557e-10	-4.11384e-14
83	835	1.00319	7.94694e-05	-2.17182e-07	1.94835e-10	-9.954e-14
84	765	1.00439	6.60152e-05	-6.59383e-08	-2.55928e-10	2.30183e-13
85	795	1.00232	7.54827e-05	-1.65322e-07	9.80036e-11	-5.62619e-14
86	795	1.00226	8.83013e-05	-2.4241e-07	2.47926e-10	-1.77646e-13
87	685	1.00256	9.01041e-05	-1.79461e-07	-3.79255e-11	9.18812e-14
88	825	1.00071	0.00010296	-2.77231e-07	2.05665e-10	-5.99464e-14
89	715	1.00358	3.48427e-05	3.92873e-08	-3.11967e-10	1.97934e-13
90	685	1.00258	7.10758e-05	-8.91995e-08	-1.52387e-10	7.01714e-14
91	695	1.00457	3.91637e-05	9.04535e-08	-4.88915e-10	2.97762e-13
92	615	1.00105	0.000142988	-5.89289e-07	1.13139e-09	-9.31754e-13
93	635	1.00141	0.000112049	-3.12471e-07	3.7598e-10	-3.35012e-13
94	605	1.00134	0.000126759	-3.66674e-07	3.45116e-10	-1.98764e-13
95	545	1.00285	0.000105672	-2.52263e-07	1.74923e-10	-1.78959e-13
96	445	1.00522	0.0002931	-1.61608e-06	5.07576e-09	-6.70496e-12
97	465	1.00239	0.000322951	-1.6431e-06	4.41846e-09	-5.03691e-12
98	475	1.01032	0.000103685	-6.07739e-08	-3.77827e-10	2.55314e-13
99	465	1.01056	0.00017941	-8.5275e-07	2.14774e-09	-2.77396e-12
100	445	1.00473	0.000344298	-2.32469e-06	7.61317e-09	-9.43626e-12
101	525	1.00889	0.00020143	-1.06087e-06	3.25223e-09	-4.19299e-12
102	485	1.00747	0.000168096	-4.17888e-07	4.29304e-10	-7.03368e-13
103	505	1.00319	0.000251341	-1.00535e-06	2.05089e-09	-2.29786e-12
104	535	1.00287	0.00026756	-1.26319e-06	3.01515e-09	-3.05779e-12
105	545	1.00774	0.000168003	-6.85322e-07	1.58798e-09	-1.76598e-12
106	585	1.00319	0.0002139	-9.5189e-07	2.14196e-09	-2.05779e-12
107	525	1.00523	0.000208834	-8.85038e-07	2.14382e-09	-2.5419e-12
108	515	1.00906	9.23872e-05	7.46594e-08	-9.51815e-10	7.65047e-13
109	595	1.00714	0.000116491	-2.19774e-07	-4.13147e-11	8.92076e-14
110	585	1.00559	0.000258739	-1.29686e-06	2.79199e-09	-2.45302e-12
111	565	1.00416	0.000277546	-1.32097e-06	2.65867e-09	-2.38062e-12
112	695	1.00621	0.000185302	-6.64915e-07	7.93241e-10	-5.05824e-13
113	615	1.00695	0.000138556	-5.08188e-07	7.14966e-10	-5.59147e-13
114	725	1.00443	0.000122188	-4.075e-07	4.78618e-10	-3.04744e-13
115	625	1.00343	0.000200239	-9.13908e-07	1.67833e-09	-1.30921e-12
116	575	1.00395	0.000211254	-1.13441e-06	2.57176e-09	-2.25166e-12
117	675	1.00315	0.000125477	-5.06124e-07	8.87901e-10	-7.22724e-13
118	625	1.00485	0.000136571	-5.44133e-07	9.1929e-10	-7.62705e-13
119	615	1.00386	0.000141485	-6.17073e-07	1.18338e-09	-1.04663e-12
120	765	1.00347	9.73508e-05	-2.68574e-07	2.03258e-10	-1.00484e-13
121	695	1.00504	7.55251e-05	-1.22226e-07	-1.4806e-10	1.50767e-13
122	695	1.00707	0.000105942	-2.77825e-07	8.386e-11	4.83841e-14
123	655	1.00603	8.46597e-05	-1.9442e-07	9.79238e-11	-1.48412e-13
124	625	1.00571	0.000102906	-3.26339e-07	4.09635e-10	-3.79803e-13
125	125	0.970187	0.00262401	-6.93206e-05	7.22758e-07	-2.58003e-09
126	595	1.00796	0.000200391	-1.15346e-06	2.66564e-09	-2.37116e-12
127	575	1.00579	9.51321e-05	-2.28682e-07	7.51675e-11	-3.06173e-14
128	665	1.00985	7.59691e-05	-2.70447e-07	3.19939e-10	-2.47523e-13
129	645	1.00556	9.31694e-05	-3.14879e-07	5.08023e-10	-5.3034e-13
130	655	1.00488	4.95584e-05	5.73232e-08	-4.71672e-10	3.03054e-13
131	575	1.00238	0.000166028	-7.34955e-07	1.56706e-09	-1.51024e-12
132	545	1.00771	6.14276e-05	1.60439e-09	-4.07152e-10	2.67295e-13
133	585	1.00445	0.000100651	-2.90566e-07	4.38813e-10	-4.66063e-13
134	565	1.00214	0.000172915	-8.30888e-07	2.13055e-09	-2.22067e-12
135	505	1.00755	2.93486e-05	4.41993e-07	-1.90996e-09	1.79063e-12
136	585	1.00357	0.000108469	-3.6727e-07	7.25972e-10	-7.91941e-13
137	525	1.00504	6.60628e-05	3.06431e-07	-2.03948e-09	2.3737e-12
138	545	1.00326	0.000140151	-5.62102e-07	1.18609e-09	-1.2921e-12
139	505	1.00652	7.91466e-05	-2.60688e-07	8.65112e-10	-1.38829e-12
140	475	1.0054	0.000127173	-4.76754e-07	1.39933e-09	-2.19631e-12
141	475	1.00766	3.43373e-05	4.96125e-07	-2.57135e-09	2.93317e-12
142	465	1.00277	0.000167611	-8.35954e-07	2.84441e-09	-4.11476e-12
143	455	1.00611	0.000123085	-6.92176e-07	2.55588e-09	-3.90934e-12
144	415	1.00326	0.000487246	-3.76615e-06	1.35245e-08	-1.72724e-11
145	395	1.00055	0.000477961	-3.23557e-06	1.03475e-08	-1.27415e-11
146	435	1.01058	0.000127952	2.87045e-07	-2.22495e-09	1.99825e-12
147	365	0.99759	0.000660256	-5.45325e-06	1.97694e-08	-2.62889e-11
148	335	1.01701	-0.000189214	4.79657e-06	-2.57225e-08	4.03046e-11
149	395	1.0093	0.000287834	-2.16713e-06	8.89394e-09	-1.35144e-11
150	365	1.00296	0.000377186	-2.6926e-06	1.03502e-08	-1.53335e-11
151	365	1.0085	0.000212883	-4.76892e-07	1.69851e-09	-5.64841e-12
152	415	1.01212	0.000234308	-1.39587e-06	5.10764e-09	-7.84994e-12
153	415	1.00163	0.00048589	-3.33609e-06	1.10118e-08	-1.39645e-11
154	415	1.00574	0.000341332	-1.95445e-06	5.95432e-09	-7.51196e-12
155	385	1.01244	8.40751e-05	6.80036e-07	-2.94494e-09	1.13843e-12
156	365	1.01241	0.000150257	-6.92106e-07	4.17803e-09	-9.71501e-12
157	395	1.00741	0.000258194	-1.19667e-06	3.72802e-09	-5.75574e-12
158	365	1.00269	0.00042903	-2.93119e-06	1.04883e-08	-1.48946e-11
159	365	1.00192	0.000559794	-4.94885e-06	2.07536e-08	-3.13178e-11
160	415	1.00733	0.00016338	6.94701e-08	-1.56932e-09	1.40728e-12
161	415	1.00516	0.000346744	-2.37766e-06	8.5221e-09	-1.20312e-11
162	395	1.01366	2.12459e-05	1.01783e-06	-5.06093e-09	5.24494e-12
163	385	1.0006	0.000468868	-3.33049e-06	1.18496e-08	-1.6479e-11
164	355	1.01351	-8.60485e-06	1.25971e-06	-5.41409e-09	5.1679e-12
165	415	1.00652	0.000401708	-3.39047e-06	1.25863e-08	-1.66005e-11
166	395	1.00909	0.000202507	-9.6562e-07	3.52932e-09	-6.40746e-12
167	375	1.01042	0.000203707	-8.0536e-07	2.74957e-09	-5.75374e-12
168	445	1.01055	6.2422e-05	8.9582e-07	-4.94899e-09	5.78664e-12
169	445	1.00923	0.000213265	-1.28975e-06	4.69333e-09	-7.01457e-12
170	475	1.00983	0.000137813	-5.12948e-07	1.51023e-09	-2.68775e-12
171	425	1.00019	0.000506037	-3.77681e-06	1.25452e-08	-1.54966e-11
172	385	1.01226	6.71285e-05	-1.01462e-07	1.90772e-09	-6.0362e-12
173	475	1.00877	0.000189769	-9.64974e-07	3.34674e-09	-4.97702e-12
174	445	1.00372	0.000465697	-3.02734e-06	8.13297e-09	-8.72757e-12
175	455	1.00125	0.000494643	-3.24323e-06	8.79142e-09	-9.55991e-12
176	505	1.00245	0.000390729	-2.16352e-06	5.09493e-09	-4.90871e-12
177	515	1.0058	0.000297675	-1.93106e-06	5.6191e-09	-6.3215e-12
178	505	1.01299	-8.99e-06	6.37082e-07	-2.21079e-09	1.75999e-12
179	495	1.00835	0.00021312	-1.36474e-06	4.32703e-09	-5.38321e-12
180	475	1.00692	0.00017691	-7.77741e-07	1.44781e-09	-1.61485e-12
181	535	1.0086	0.000103586	-3.13365e-07	5.69939e-10	-9.22625e-13
182	475	1.00582	0.000197872	-9.73968e-07	2.51469e-09	-3.00317e-12
183	455	1.00177	0.000287046	-2.05126e-06	7.01843e-09	-7.82392e-12
184	565	1.00638	0.000138605	-4.37172e-07	4.85728e-10	-4.31446e-13
185	565	1.00651	0.00012238	-3.99124e-07	6.86222e-10	-8.81315e-13
186	545	1.00715	9.66344e-05	-1.72761e-07	-2.4271e-10	2.91526e-13
187	505	1.01074	6.70694e-05	-1.3606e-07	3.41753e-10	-8.97333e-13
188	535	1.00598	0.000159926	-8.2239e-07	2.23929e-09	-2.71014e-12
189	535	1.00491	0.000116448	-2.6963e-07	-2.77352e-10	4.48292e-13
190	565	1.00332	0.000166382	-5.93018e-07	8.89269e-10	-8.68055e-13
191	545	1.00513	0.000176393	-1.01354e-06	2.62364e-09	-2.65873e-12
192	325	1.00384	0.000573004	-5.24151e-06	2.17326e-08	-3.29675e-11
193	335	1.02388	-0.000495624	8.73527e-06	-4.25605e-08	6.14991e-11
194	345	1.00985	0.000143665	5.65595e-07	-5.42042e-09	7.39803e-12
195	305	1.00618	0.000322848	-1.65855e-06	5.14395e-09	-9.82348e-12
196	275	1.00272	0.000498268	-3.31608e-06	7.53548e-09	-5.93008e-12
197	345	1.00809	0.000209149	4.8364e-08	-3.77496e-09	5.68444e-12
198	305	1.00107	0.000674073	-7.18859e-06	3.41939e-08	-5.86286e-11
199	315	1.00356	0.000713499	-5.77185e-06	1.9696e-08	-2.65939e-11
200	355	1.01861	9.52689e-06	7.525e-07	-1.92704e-09	-1.43903e-12
201	315	1.01875	0.000228308	-1.82103e-06	8.59739e-09	-1.74082e-11
202	355	1.00777	0.00043212	-3.70683e-06	1.51437e-08	-2.35406e-11
203	0	1.00000	0.00000	0.00000	0.00000	0.00000
204	295	1.00755	0.000726123	-8.92177e-06	4.43229e-08	-7.70603e-11
205	295	1.01195	0.000237059	-2.16429e-06	1.4625e-08	-2.90966e-11
206	255	1.01947	-0.000295459	6.26073e-06	-3.15988e-08	5.6678e-11
207	325	1.01418	-2.4076e-05	3.01771e-06	-1.89293e-08	2.99555e-11
208	335	1.01138	0.000102715	8.20754e-07	-6.08867e-09	7.49256e-12
209	345	1.01471	-5.4679e-06	1.90372e-06	-1.08151e-08	1.4801e-11
210	365	1.00341	0.000397795	-2.81541e-06	1.03076e-08	-1.61639e-11
211	315	1.0059	0.000457214	-4.39052e-06	1.82697e-08	-2.76747e-11
212	325	1.00435	0.000511821	-5.26129e-06	2.4682e-08	-4.36345e-11
213	335	1.01408	0.000124933	-7.08455e-07	3.63544e-09	-8.83527e-12
214	345	1.00114	0.000657037	-5.53607e-06	1.90473e-08	-2.63685e-11
215	345	1.00118	0.000648023	-5.27523e-06	1.77047e-08	-2.52067e-11
216	385	1.00347	0.000565105	-4.5197e-06	1.57682e-08	-2.14917e-11
217	395	1.00236	0.000499222	-3.29816e-06	9.47119e-09	-1.19591e-11
218	415	1.01184	0.000178016	-1.50133e-06	6.91502e-09	-1.12781e-11
219	355	0.998418	0.00061658	-5.54036e-06	2.22111e-08	-3.33837e-11
220	355	1.00617	0.000333877	-2.70899e-06	1.02022e-08	-1.59721e-11
221	425	1.01257	1.78439e-05	7.4806e-07	-2.73044e-09	1.33227e-12
222	395	1.00545	0.000314992	-2.47329e-06	9.84376e-09	-1.53821e-11
223	405	1.0097	0.000248225	-2.16249e-06	8.05721e-09	-1.21902e-11
224	465	1.00997	0.000167753	-1.12533e-06	4.31659e-09	-6.60064e-12
225	445	1.00724	0.00020775	-9.93899e-07	2.55734e-09	-3.5208e-12
226	465	1.00304	0.000320465	-2.24386e-06	6.9041e-09	-8.09214e-12
227	415	1.00918	0.000124351	-4.41507e-07	7.71526e-10	-1.89203e-12
228	395	1.00302	0.000319271	-2.06149e-06	6.00722e-09	-7.70849e-12
229	465	1.00268	0.000289475	-1.73694e-06	4.90704e-09	-5.69389e-12
230	445	0.999406	0.000383262	-2.61715e-06	8.09203e-09	-9.5634e-12
231	455	0.998261	0.000439706	-3.19516e-06	9.86596e-09	-1.12281e-11
232	515	1.00081	0.000262159	-1.4711e-06	3.95791e-09	-4.54561e-12
233	485	1.00568	0.000147876	-5.02237e-07	6.20478e-10	-6.55849e-13
234	525	1.00482	0.000200132	-1.07354e-06	2.42928e-09	-2.38014e-12
235	495	1.00443	0.000271599	-1.7164e-06	4.79177e-09	-5.48098e-12
236	495	1.00501	0.000193609	-1.09958e-06	3.33483e-09	-4.25468e-12
237	535	1.0047	0.0001029	-9.82499e-08	-4.06359e-10	4.10196e-13
238	465	1.00249	0.000260674	-1.66103e-06	5.01414e-09	-5.75191e-12
239	475	1.00564	7.47083e-05	3.57499e-07	-1.93754e-09	1.59567e-12
240	275	1.00651	0.000500324	-3.86776e-06	1.15373e-08	-1.34485e-11
241	275	1.0157	6.98007e-05	-2.32854e-07	3.13961e-09	-1.55019e-11
242	285	1.0057	0.000581704	-5.90795e-06	2.59997e-08	-4.37866e-11
243	235	1.00336	0.000651299	-6.85293e-06	3.35178e-08	-6.6621e-11
244	265	1.00945	0.000208935	-3.20657e-07	-6.23285e-10	-8.22418e-12
245	285	1.00373	0.000339297	-1.49043e-06	3.77923e-09	-1.20433e-11
246	265	1.0119	0.000185144	-9.20961e-07	4.65212e-09	-2.10079e-11
247	265	1.02905	-0.000480571	8.27959e-06	-5.3743e-08	1.06719e-10
248	295	0.98489	0.00125251	-1.27789e-05	5.37214e-08	-8.2033e-11
249	275	1.02509	-0.000585553	9.89435e-06	-5.25433e-08	8.13851e-11
250	285	1.00304	0.000555076	-5.60772e-06	2.52148e-08	-4.40445e-11
251	285	1.01807	5.5068e-05	4.79708e-07	-7.15257e-09	1.10864e-11
252	255	1.01006	0.00045512	-5.21087e-06	2.18889e-08	-3.80007e-11
253	295	1.01065	0.000333984	-3.62073e-06	2.17587e-08	-4.74967e-11
254	275	0.996879	0.00110113	-1.33351e-05	6.57622e-08	-1.18529e-10
255	265	0.998488	0.000924745	-1.04664e-05	5.01538e-08	-9.25347e-11
256	305	1.0162	0.000123251	5.39846e-07	-6.9605e-09	8.24903e-12
257	315	1.01147	0.000283435	-2.72849e-06	1.25461e-08	-2.77181e-11
258	315	1.02411	-0.000380381	5.9669e-06	-2.74467e-08	3.4077e-11
259	275	1.01123	0.000246139	-2.5943e-06	1.44677e-08	-3.59249e-11
260	285	1.02545	-0.000630488	1.0452e-05	-5.66946e-08	9.20005e-11
261	305	1.01609	-2.62377e-05	1.2372e-06	-4.7008e-09	1.18082e-12
262	295	1.01391	8.63318e-05	-1.0756e-07	4.91747e-10	-7.608e-12
263	295	1.01573	0.000281393	-2.94167e-06	1.46448e-08	-3.07729e-11
264	315	1.02612	-0.000131906	2.91689e-06	-1.62821e-08	2.44668e-11
265	0	1.00000	0.00000	0.00000	0.00000	0.00000
266	355	1.01741	0.000102733	5.16356e-07	-5.925e-09	8.26638e-12
267	0	1.00000	0.00000	0.00000	0.00000	0.00000
268	315	1.02346	-6.11316e-05	1.90046e-06	-1.41991e-08	2.33289e-11
269	355	1.01059	0.000180665	-1.04007e-06	2.79017e-09	-5.1152e-12
270	335	1.00632	0.000230202	-1.66471e-06	6.90509e-09	-1.47782e-11
271	335	1.01349	-5.7223e-06	1.01263e-06	-4.56491e-09	2.77557e-12
272	375	0.993862	0.000655384	-5.58557e-06	2.02187e-08	-2.74578e-11
273	385	1.01124	0.000138462	-1.27062e-06	5.67965e-09	-9.89785e-12
274	425	1.00784	0.00018055	-1.04678e-06	3.46145e-09	-5.91676e-12
275	365	1.00839	0.000285915	-2.62901e-06	1.05539e-08	-1.75964e-11
276	345	0.999728	0.000459968	-4.25474e-06	1.7788e-08	-2.87074e-11
277	405	1.00983	7.94035e-05	-2.20459e-08	1.30486e-10	-2.25982e-12
278	385	1.00948	0.0001278	-6.18311e-07	2.45625e-09	-5.58268e-12
279	385	1.00563	0.000223904	-1.25071e-06	3.6353e-09	-5.60036e-12
280	445	1.00492	0.000179782	-7.75884e-07	1.69366e-09	-2.27721e-12
281	425	1.00462	0.000160276	-4.5931e-07	1.23317e-10	6.84845e-14
282	445	1.00308	0.00016854	-7.02281e-07	2.05426e-09	-3.15518e-12
283	395	1.00534	0.000197679	-1.14359e-06	3.80859e-09	-5.72296e-12
284	405	0.996376	0.000501475	-3.95345e-06	1.39524e-08	-1.92353e-11
285	465	0.999588	0.000316352	-2.08276e-06	6.33731e-09	-7.38492e-12
286	425	1.00164	0.000220707	-8.94014e-07	1.75613e-09	-2.36976e-12
287	405	1.00386	0.000145756	-6.4176e-08	-1.64815e-09	1.89189e-12
288	425	1.00133	0.000421584	-2.64606e-06	8.46093e-09	-1.09995e-11
289	385	1.00184	0.000490814	-3.64613e-06	1.2893e-08	-1.73025e-11
290	315	0.989572	0.000983362	-1.024e-05	4.39738e-08	-6.72739e-11
291	365	1.0007	0.000484604	-3.81259e-06	1.4246e-08	-1.98817e-11
292	355	1.00345	0.000432485	-3.8231e-06	1.59858e-08	-2.44803e-11
293	345	1.01379	0.000141987	-1.72336e-08	-2.13788e-09	1.6635e-12
294	335	1.00351	0.000475424	-3.49543e-06	1.27862e-08	-2.00952e-11
295	315	0.994956	0.00100959	-1.16047e-05	5.36613e-08	-8.50937e-11
296	305	1.00778	0.000412569	-4.18364e-06	1.87082e-08	-3.00656e-11
297	305	1.00036	0.000706975	-7.152e-06	3.23805e-08	-5.46834e-11
298	255	1.01375	8.14394e-06	4.20238e-06	-3.90545e-08	8.8553e-11
299	305	0.995692	0.000851212	-8.74413e-06	3.73737e-08	-5.91144e-11
300	295	0.990283	0.00105834	-1.20832e-05	5.79489e-08	-9.80591e-11
301	265	1.0404	-0.000957868	1.40933e-05	-7.57125e-08	1.32208e-10
302	275	1.00247	0.000506927	-4.47964e-06	2.08755e-08	-4.11866e-11
303	245	1.00863	0.000326354	-4.17081e-06	2.59874e-08	-5.11628e-11
304	275	0.998382	0.000687963	-5.87587e-06	2.07893e-08	-2.88424e-11
305	265	0.983685	0.00173419	-2.45577e-05	1.35011e-07	-2.53099e-10
306	275	1.02056	-0.000154937	4.89627e-06	-3.55441e-08	7.00096e-11
307	275	0.989695	0.00130739	-1.54819e-05	7.37796e-08	-1.27731e-10
308	255	1.00169	0.00114369	-1.60843e-05	8.25563e-08	-1.46652e-10
309	265	1.0171	-0.000232307	7.33204e-06	-4.64969e-08	7.53428e-11
310	205	1.03911	-0.00020421	4.74167e-06	6.16977e-09	-1.14043e-10
311	0	1.00000	0.00000	0.00000	0.00000	0.00000
312	265	0.994393	0.00119905	-1.50579e-05	7.47723e-08	-1.32645e-10
313	245	1.01606	0.000382284	-2.30571e-06	-2.14469e-09	1.00859e-11
314	255	1.00592	0.000670327	-9.91395e-06	5.45596e-08	-1.09828e-10
315	0	1.00000	0.00000	0.00000	0.00000	0.00000
316	0	1.00000	0.00000	0.00000	0.00000	0.00000
317	215	1.01364	0.000729566	-1.43588e-05	1.00866e-07	-2.43513e-10
318	0	1.00000	0.00000	0.00000	0.00000	0.00000
319	0	1.00000	0.00000	0.00000	0.00000	0.00000
320	265	1.01081	0.000627718	-8.70949e-06	4.89988e-08	-1.13487e-10
321	245	1.01402	0.000739836	-1.41465e-05	9.489e-08	-2.19932e-10
322	255	1.01682	3.42783e-05	-6.78166e-07	1.34298e-08	-5.40487e-11
323	235	1.01483	0.0007121	-1.37445e-05	9.29927e-08	-2.17077e-10
324	255	1.00005	0.000963375	-1.57719e-05	9.72062e-08	-2.07802e-10
325	245	0.999563	0.000790957	-1.09286e-05	6.44362e-08	-1.41582e-10
326	255	0.999364	0.000690132	-5.4446e-06	6.91014e-09	1.37518e-11
327	255	0.996335	0.000999113	-1.45593e-05	8.65904e-08	-1.85126e-10
328	255	1.01399	-0.000147962	5.50728e-06	-4.15713e-08	8.86772e-11
329	285	1.01738	-0.000354138	9.24153e-06	-6.01113e-08	1.08677e-10
330	295	0.990276	0.00119949	-1.41362e-05	6.40867e-08	-1.04227e-10
331	275	1.00255	0.00058705	-6.98493e-06	3.35634e-08	-6.44207e-11
332	295	0.996804	0.000894611	-1.21197e-05	6.19225e-08	-1.11355e-10
333	275	1.0143	0.000120542	-3.06379e-07	-4.4653e-09	1.20046e-11
334	285	1.00109	0.000708932	-8.32424e-06	3.46802e-08	-5.09274e-11
335	305	1.00603	0.00028013	-2.61761e-06	1.3233e-08	-2.73326e-11
336	335	1.00228	0.000530522	-4.88338e-06	2.13682e-08	-3.40546e-11
337	345	1.00444	0.000443742	-3.83367e-06	1.69126e-08	-2.80888e-11
338	305	1.0151	-9.91775e-05	3.14059e-06	-1.60508e-08	2.15369e-11
339	335	1.0012	0.000509745	-4.00823e-06	1.36317e-08	-1.71809e-11
340	325	1.02134	-8.52659e-05	1.55747e-06	-6.0259e-09	3.83437e-12
341	315	1.01332	4.81285e-05	1.41516e-06	-9.70608e-09	1.40124e-11
342	315	0.990548	0.00109715	-1.15602e-05	5.08838e-08	-7.95988e-11
343	285	1.00912	0.000164048	-6.30675e-07	3.64913e-09	-1.34723e-11
344	305	1.01006	0.000166343	-2.65584e-07	8.63397e-10	-7.53531e-12
345	285	1.0029	0.000391656	-3.35014e-06	2.05867e-08	-5.01548e-11
346	265	1.02354	-0.000270583	3.83476e-06	-1.28181e-08	2.81438e-12
347	265	1.03813	-0.000945885	1.26139e-05	-5.5216e-08	6.93453e-11
348	255	0.996772	0.000862544	-1.04786e-05	5.4703e-08	-1.06097e-10
349	235	1.03094	-0.0010793	2.31903e-05	-1.56304e-07	3.22394e-10
350	275	1.00582	0.000441122	-2.71693e-06	3.13789e-09	1.64897e-13
351	255	1.0184	0.000222182	-1.41259e-06	6.85978e-09	-3.20364e-11
352	235	0.983606	0.00187164	-2.47664e-05	1.29345e-07	-2.45919e-10
353	0	1.00000	0.00000	0.00000	0.00000	0.00000
354	0	1.00000	0.00000	0.00000	0.00000	0.00000
355	0	1.00000	0.00000	0.00000	0.00000	0.00000
356	0	1.00000	0.00000	0.00000	0.00000	0.00000
357	0	1.00000	0.00000	0.00000	0.00000	0.00000
358	0	1.00000	0.00000	0.00000	0.00000	0.00000
359	0	1.00000	0.00000	0.00000	0.00000	0.00000
360	0	1.00000	0.00000	0.00000	0.00000	0.00000
361	0	1.00000	0.00000	0.00000	0.00000	0.00000
362	0	1.00000	0.00000	0.00000	0.00000	0.00000
363	0	1.00000	0.00000	0.00000	0.00000	0.00000
364	0	1.00000	0.00000	0.00000	0.00000	0.00000
365	0	1.00000	0.00000	0.00000	0.00000	0.00000
366	0	1.00000	0.00000	0.00000	0.00000	0.00000
367	255	1.02121	0.000148205	-3.08866e-06	2.4004e-08	-7.34655e-11
368	245	1.02772	-0.000405741	9.14826e-06	-6.79713e-08	1.45617e-10
369	255	1.03223	-0.00115203	1.92679e-05	-1.09111e-07	1.86935e-10
370	275	0.990928	0.00117182	-1.41579e-05	6.33724e-08	-1.00914e-10
371	255	0.998538	0.000912165	-1.33204e-05	7.42332e-08	-1.48071e-10
372	265	0.995681	0.00085812	-1.17478e-05	6.32774e-08	-1.23227e-10
373	255	1.00269	0.000452125	-5.91367e-06	3.24129e-08	-6.45694e-11
374	275	0.99724	0.000852594	-1.20671e-05	6.69458e-08	-1.31217e-10
375	275	1.00298	0.000470221	-5.79434e-06	3.24876e-08	-7.03205e-11
376	265	1.00855	0.000117984	-4.36103e-07	2.06759e-09	-1.62503e-11
377	295	1.00898	0.000279933	-2.84963e-06	1.17833e-08	-2.12752e-11
378	305	0.992712	0.000916802	-1.03467e-05	4.91532e-08	-8.46515e-11
379	305	0.996721	0.000559099	-4.68878e-06	1.95042e-08	-3.80779e-11
380	315	0.996242	0.000580996	-5.1811e-06	2.0396e-08	-3.3309e-11
381	315	1.01416	-0.000142467	2.88519e-06	-1.50047e-08	2.08793e-11
382	315	1.00113	0.000445757	-3.81559e-06	1.43358e-08	-2.2544e-11
383	345	1.00522	0.000262329	-2.34924e-06	1.06074e-08	-1.78668e-11
384	305	1.014	0.000130672	-1.45893e-06	8.94132e-09	-1.96954e-11
385	275	0.991377	0.00120023	-1.6371e-05	9.10823e-08	-1.70702e-10
386	285	1.00582	0.000421819	-3.89924e-06	1.72709e-08	-3.18206e-11
387	305	1.01259	8.03634e-05	6.86296e-07	-3.84971e-09	-7.83852e-13
388	305	1.00164	0.00051306	-5.68792e-06	2.9159e-08	-5.48228e-11
389	285	1.01324	-0.000143106	4.71776e-06	-2.8573e-08	4.70014e-11
390	295	1.00066	0.000674269	-7.88584e-06	3.73291e-08	-6.33343e-11
391	295	1.0133	0.000215451	-2.85958e-06	1.58287e-08	-3.38318e-11
392	275	1.00827	0.00031315	-2.94483e-06	1.56819e-08	-3.62909e-11
393	265	1.00503	0.000566684	-6.46557e-06	3.23415e-08	-6.30128e-11
394	275	1.00739	0.00046105	-3.70786e-06	9.04916e-09	-1.17974e-11
395	265	1.00579	0.000388238	-3.53793e-06	1.17609e-08	-1.73227e-11
396	265	1.00798	0.000212136	-1.89736e-06	1.17176e-08	-3.21035e-11
397	255	1.02714	-0.000345556	7.0434e-06	-4.63038e-08	7.97406e-11
398	265	1.0198	0.000402825	-7.8137e-06	5.63523e-08	-1.40034e-10
399	235	1.0039	0.000720293	-8.06895e-06	3.28967e-08	-5.10519e-11
400	0	1.00000	0.00000	0.00000	0.00000	0.00000
401	0	1.00000	0.00000	0.00000	0.00000	0.00000
402	0	1.00000	0.00000	0.00000	0.00000	0.00000
403	225	1.04232	-0.000452618	5.03938e-06	-2.65541e-08	4.26001e-11
404	265	0.996029	0.000899181	-1.26593e-05	6.87347e-08	-1.37064e-10
405	0	1.00000	0.00000	0.00000	0.00000	0.00000
406	225	1.00424	0.00116461	-1.966e-05	1.18175e-07	-2.50259e-10
407	245	0.97489	0.00190926	-2.7779e-05	1.61082e-07	-3.32795e-10
408	0	1.00000	0.00000	0.00000	0.00000	0.00000
409	195	1.03732	-0.000822655	1.39971e-05	-8.44725e-08	1.79292e-10
410	245	0.983811	0.00152644	-2.18599e-05	1.2355e-07	-2.43136e-10
411	265	0.989272	0.00113871	-1.6128e-05	9.13135e-08	-1.86302e-10
412	255	1.01183	9.43081e-05	-6.06915e-07	1.86744e-09	-9.64479e-12
413	265	0.996636	0.00102727	-1.50261e-05	7.98141e-08	-1.51217e-10
414	275	1.00004	0.000550125	-4.79445e-06	1.4959e-08	-2.28496e-11
415	285	1.02032	8.16614e-06	1.00242e-06	-1.13991e-08	2.07397e-11
416	265	1.01476	-0.000149981	3.34296e-06	-2.05015e-08	3.15992e-11
417	265	0.995333	0.000692677	-7.36718e-06	3.24523e-08	-6.04841e-11
418	285	1.00464	0.000482672	-6.76595e-06	3.70348e-08	-7.25226e-11
419	285	1.00787	5.82881e-05	1.76989e-06	-1.62284e-08	2.52171e-11
420	275	0.996387	0.000636459	-7.56721e-06	3.99973e-08	-7.86017e-11
421	285	1.00038	0.000632532	-8.50816e-06	4.53972e-08	-8.45227e-11
422	315	1.00299	0.000351022	-3.76589e-06	1.85349e-08	-3.53454e-11
423	305	1.00164	0.000431891	-5.06077e-06	2.38264e-08	-4.22151e-11
424	325	1.00987	1.03219e-05	1.46382e-06	-9.88839e-09	1.37486e-11
425	325	1.00817	9.69649e-05	-7.02204e-07	6.12336e-09	-1.70875e-11
426	345	0.999737	0.000341343	-2.19759e-06	7.01513e-09	-1.00249e-11
427	335	1.00932	0.000319315	-4.35947e-06	2.14888e-08	-3.61719e-11
428	345	1.00322	0.000160788	-3.82132e-08	-3.18332e-09	4.77163e-12
429	385	1.00364	0.000322532	-2.50096e-06	8.07572e-09	-9.82696e-12
430	375	0.988999	0.000752326	-6.78837e-06	2.54874e-08	-3.43977e-11
431	385	1.0021	0.00026304	-1.64868e-06	5.06628e-09	-6.8655e-12
432	415	0.99984	0.000483372	-3.27646e-06	1.01542e-08	-1.19152e-11
433	435	1.00413	0.000334471	-1.70372e-06	4.57946e-09	-5.77832e-12
434	415	1.00002	0.000470833	-3.15134e-06	9.86017e-09	-1.22631e-11
435	445	1.00801	0.00025301	-1.37509e-06	4.18386e-09	-5.41104e-12
436	455	1.0057	0.000242967	-1.21543e-06	3.09891e-09	-3.38672e-12
437	405	1.00089	0.000333986	-1.15335e-06	7.79366e-10	2.66435e-14
438	435	1.00718	0.000229379	-1.0985e-06	2.58599e-09	-3.11294e-12
439	425	1.00706	0.000211665	-1.31969e-06	4.96797e-09	-7.03842e-12
440	375	1.00109	0.000514214	-4.04818e-06	1.43992e-08	-1.91416e-11
441	395	0.999109	0.000516159	-4.02568e-06	1.43881e-08	-1.90296e-11
442	345	1.00076	0.000566213	-5.03417e-06	1.9371e-08	-2.79095e-11
443	395	1.007	0.000234321	-1.56371e-06	6.53406e-09	-1.07125e-11
444	425	1.01041	0.000122194	-6.07462e-07	3.50141e-09	-7.44836e-12
445	355	1.00046	0.000542809	-5.20938e-06	2.28291e-08	-3.5807e-11
446	385	0.999151	0.000515863	-3.80202e-06	1.27133e-08	-1.66428e-11
447	395	1.00471	0.000357671	-2.75527e-06	1.05151e-08	-1.54386e-11
448	355	1.01138	0.00023668	-1.99759e-06	8.16517e-09	-1.33685e-11
449	345	1.01846	-0.000100201	1.38981e-06	-3.5519e-09	-1.35746e-12
450	305	1.01503	5.12181e-06	4.59742e-07	-1.00419e-09	-2.48934e-12
451	345	0.998502	0.000702018	-7.49588e-06	3.21679e-08	-4.7044e-11
452	375	1.01392	7.25296e-05	-1.09032e-06	7.52835e-09	-1.52977e-11
453	305	1.00367	0.000289654	-1.61938e-06	4.24804e-09	-9.63003e-12
454	355	1.00746	0.000224532	-1.48204e-06	4.80347e-09	-8.2801e-12
455	345	1.00185	0.000400523	-3.73431e-06	1.66758e-08	-2.76795e-11
456	295	0.995123	0.000810297	-9.91624e-06	5.00992e-08	-8.7665e-11
457	295	1.01133	-3.40603e-05	2.30668e-06	-1.43024e-08	2.27624e-11
458	275	1.01052	0.000321137	-4.61277e-06	2.92285e-08	-6.39814e-11
459	315	1.02356	-0.000428411	6.21678e-06	-3.01229e-08	4.43019e-11
460	325	1.0139	-4.02473e-05	1.72107e-06	-8.88702e-09	1.02727e-11
461	295	0.994937	0.000523209	-3.19219e-06	8.12478e-09	-1.28922e-11
462	295	1.00954	0.00038063	-4.24815e-06	2.27212e-08	-4.5421e-11
463	285	1.00333	0.000458306	-4.29361e-06	1.93497e-08	-4.04027e-11
464	265	1.00181	0.000963331	-1.61396e-05	1.01084e-07	-2.133e-10
465	285	1.02332	-5.42361e-05	-2.23612e-07	4.79917e-09	-1.84139e-11
466	255	1.01614	-9.66301e-05	3.20581e-06	-2.16663e-08	3.2632e-11
467	295	0.997245	0.000698839	-7.3239e-06	3.0419e-08	-4.99475e-11
468	285	1.01099	1.83074e-05	1.02674e-06	-4.73504e-09	-3.20627e-12
469	275	1.02285	-0.000482818	6.92009e-06	-3.24092e-08	4.02903e-11
470	265	1.01965	-0.00031969	5.36722e-06	-3.00095e-08	4.93509e-11
471	225	1.01084	-7.84299e-05	2.12873e-06	-1.70303e-09	-7.31271e-12
472	265	0.998169	0.000759426	-1.12056e-05	6.24197e-08	-1.19654e-10
473	275	1.01274	-0.000154435	2.89697e-06	-1.62053e-08	1.89767e-11
474	265	1.01741	-0.000204929	4.793e-06	-3.17539e-08	4.8353e-11
475	265	1.02648	-0.00058986	8.44251e-06	-4.65847e-08	8.23317e-11
476	285	1.00583	0.000310235	-2.11487e-06	3.41077e-10	8.60223e-12
477	285	1.01596	-0.00018977	3.36407e-06	-1.96851e-08	2.51309e-11
478	275	0.996949	0.00105151	-1.42654e-05	7.36459e-08	-1.38295e-10
479	0	1.00000	0.00000	0.00000	0.00000	0.00000
480	475	1.00709	0.000203249	-1.06298e-06	3.01517e-09	-3.46508e-12
481	505	1.00357	0.000295714	-1.72578e-06	5.0178e-09	-5.67422e-12
482	455	1.00471	0.000246846	-1.02899e-06	2.10795e-09	-2.02501e-12
483	515	1.00687	0.000179345	-7.05525e-07	1.32996e-09	-1.14026e-12
484	515	1.001	0.00031986	-1.76546e-06	4.42203e-09	-4.18748e-12
485	475	1.00317	0.000283277	-1.3819e-06	3.4114e-09	-3.86776e-12
486	505	1.0077	0.000156745	-6.63079e-07	1.69526e-09	-2.0739e-12
487	485	1.00353	0.000256297	-1.48124e-06	4.6184e-09	-5.75892e-12
488	455	1.0041	0.000288289	-1.75926e-06	5.1534e-09	-5.89886e-12
489	455	1.00005	0.000337034	-1.9483e-06	5.66274e-09	-6.62244e-12
490	395	1.00433	0.000315165	-2.21742e-06	7.11741e-09	-8.74245e-12
491	455	1.00499	0.000278932	-1.52468e-06	3.91811e-09	-4.40927e-12
492	465	1.00351	0.000181232	-4.03172e-07	-1.62167e-10	3.02666e-13
493	415	1.00604	0.000185818	-7.68556e-07	1.55913e-09	-2.42361e-12
494	435	1.00568	0.000208166	-1.54858e-06	6.43007e-09	-9.65266e-12
495	445	1.00284	0.000254475	-1.49614e-06	4.16797e-09	-4.9296e-12
496	385	1.01502	-2.61786e-05	7.62035e-07	-1.62737e-09	-1.41216e-12
497	365	1.0008	0.000314645	-1.52911e-06	2.17398e-09	-3.04574e-13
498	375	1.00178	0.000446442	-4.19159e-06	1.65961e-08	-2.37626e-11
499	415	1.0128	-0.000106775	2.12444e-06	-8.59237e-09	9.4725e-12
500	415	1.00515	0.000222236	-1.64699e-06	6.27061e-09	-9.05919e-12
501	355	0.997508	0.00058187	-6.08074e-06	2.65677e-08	-4.06118e-11
502	405	1.00423	0.000461547	-3.67334e-06	1.20709e-08	-1.58011e-11
503	375	1.0035	0.00052045	-4.55066e-06	1.60492e-08	-2.16285e-11
504	355	1.01394	0.000147518	-6.89221e-07	4.02452e-09	-1.19589e-11
505	325	1.00152	0.000549709	-5.61065e-06	2.51394e-08	-4.29905e-11
506	295	1.00449	0.000339749	-3.13746e-06	1.35613e-08	-2.72024e-11
507	355	1.01297	-8.01549e-05	1.67597e-06	-6.86112e-09	5.33587e-12
508	355	1.00982	0.00034844	-4.60639e-06	2.19103e-08	-3.474e-11
509	325	1.01108	5.12783e-05	1.61034e-07	-1.74812e-09	-1.72295e-12
510	345	1.01368	-7.61641e-05	1.77847e-06	-1.02277e-08	1.56465e-11
511	355	1.00424	0.00030145	-2.30716e-06	7.27777e-09	-1.04482e-11
512	295	0.999566	0.000571342	-7.19203e-06	3.5888e-08	-6.48859e-11
513	295	1.00744	0.000252425	-2.42534e-06	9.73331e-09	-1.77625e-11
514	305	1.00733	0.000253418	-2.91014e-06	1.48193e-08	-2.96348e-11
515	325	1.01531	-0.000256622	3.71054e-06	-1.61825e-08	1.9603e-11
516	325	1.01348	-0.00015943	3.31187e-06	-1.72504e-08	2.47488e-11
517	315	1.00249	0.000409427	-4.36399e-06	1.65933e-08	-2.51471e-11
518	305	1.0172	-0.000134319	2.08161e-06	-9.84778e-09	1.15148e-11
519	335	1.00535	0.000206179	-1.3068e-06	3.68975e-09	-7.02917e-12
520	295	1.01291	0.000111795	-2.10195e-06	1.45115e-08	-3.43805e-11
521	295	1.01024	-2.02887e-05	1.47484e-06	-1.09274e-08	1.84825e-11
522	265	1.02702	-0.000660213	1.31946e-05	-8.20171e-08	1.47456e-10
523	305	1.00036	0.000478713	-4.26516e-06	1.56237e-08	-2.34989e-11
524	345	1.00402	0.000355056	-3.74574e-06	1.62472e-08	-2.65563e-11
525	295	0.9876	0.00106896	-1.32082e-05	6.42287e-08	-1.10878e-10
526	325	0.989212	0.000752728	-6.73412e-06	2.5953e-08	-4.04948e-11
527	325	0.983995	0.0009338	-8.75804e-06	3.52179e-08	-5.46342e-11
528	535	1.00775	7.99917e-05	2.41993e-08	-5.76274e-10	4.4866e-13
529	535	1.00698	7.69344e-05	1.8705e-07	-1.38165e-09	1.43128e-12
530	505	1.00196	0.000216618	-9.73283e-07	2.38793e-09	-2.55917e-12
531	545	1.00836	8.16792e-05	-7.10433e-08	-3.43002e-10	2.98718e-13
532	565	1.00607	0.000117981	-4.17003e-07	6.95624e-10	-7.20272e-13
533	515	1.0041	0.000200058	-1.08841e-06	2.91569e-09	-3.12346e-12
534	555	1.0061	9.14116e-05	-2.98915e-07	8.20388e-10	-1.22369e-12
535	575	1.00563	0.000136975	-6.75497e-07	1.38705e-09	-1.30632e-12
536	505	0.997426	0.000360799	-2.16924e-06	5.7082e-09	-5.70471e-12
537	505	0.999822	0.000334985	-2.26837e-06	6.50589e-09	-6.90768e-12
538	485	1.00446	0.000189263	-1.0217e-06	3.23628e-09	-4.3774e-12
539	525	1.00448	0.000192475	-1.10769e-06	2.95625e-09	-3.28198e-12
540	525	1.00619	0.000117071	-4.42501e-07	8.30451e-10	-1.02282e-12
541	485	1.00418	0.000142913	-4.93136e-07	9.23225e-10	-1.34018e-12
542	525	1.00291	0.000292811	-1.84356e-06	4.91732e-09	-5.10818e-12
543	525	1.00589	0.000226652	-1.3957e-06	3.3678e-09	-3.62432e-12
544	475	1.00029	0.000489847	-3.59294e-06	1.05895e-08	-1.1577e-11
545	435	1.01326	6.76566e-05	2.25256e-07	-2.19525e-09	2.00265e-12
546	385	0.998797	0.000770335	-7.45669e-06	2.72508e-08	-3.45436e-11
547	455	1.00956	7.5309e-05	-3.93765e-07	1.29466e-09	-2.22252e-12
548	475	1.00789	9.41386e-05	-6.51536e-07	2.71353e-09	-4.40713e-12
549	0	1.00000	0.00000	0.00000	0.00000	0.00000
550	445	1.00084	0.000614383	-5.19169e-06	1.58678e-08	-1.73876e-11
551	435	1.00705	0.000126823	-8.17887e-07	3.22185e-09	-5.87839e-12
552	395	1.01363	0.000158915	-7.82802e-07	1.14192e-09	-2.36706e-12
553	385	1.00263	0.000319845	-3.1704e-06	1.2969e-08	-1.9187e-11
554	365	1.00354	0.000376904	-3.65905e-06	1.40134e-08	-2.00403e-11
555	415	1.00074	0.000285783	-1.76082e-06	4.06236e-09	-4.06386e-12
556	445	1.01061	-3.5579e-06	3.28129e-07	-8.5276e-10	-7.88046e-13
557	345	1.0004	0.00042059	-4.50756e-06	1.89804e-08	-2.84404e-11
558	415	1.00688	0.000163356	-1.25446e-06	4.40934e-09	-7.07562e-12
559	405	1.00633	0.00024654	-2.01359e-06	7.01643e-09	-9.41074e-12
560	355	1.00109	0.000252289	-2.05267e-06	8.88538e-09	-1.61056e-11
561	365	1.00051	0.00031665	-2.58817e-06	9.71866e-09	-1.40322e-11
562	345	1.00244	0.000647398	-6.26586e-06	2.28257e-08	-2.97961e-11
563	405	1.00425	0.000192162	-1.26354e-06	5.10982e-09	-8.56883e-12
564	405	1.00867	0.000113066	-1.20506e-06	5.82715e-09	-9.89446e-12
565	0	1.00000	0.00000	0.00000	0.00000	0.00000
566	405	1.01735	-3.30008e-05	1.44128e-06	-8.12992e-09	1.04347e-11
567	405	1.00464	0.00015474	-1.18776e-06	4.6728e-09	-6.77618e-12
568	345	1.01022	0.000241103	-1.41084e-06	2.53878e-09	-3.58668e-12
569	375	1.00712	8.27765e-05	4.26798e-07	-4.45696e-09	6.21584e-12
570	345	0.990282	0.000905848	-9.57227e-06	3.78109e-08	-5.1919e-11
571	405	0.99789	0.000353861	-2.44096e-06	7.77959e-09	-1.03049e-11
572	415	0.999953	0.000252105	-1.05631e-06	1.46559e-09	-1.28946e-12
573	355	1.00367	0.00023915	-1.01787e-06	2.93978e-10	1.39395e-12
574	395	1.00459	0.000180327	-4.77823e-07	-1.80012e-09	4.30104e-12
575	395	1.00246	0.000248102	-1.86875e-06	5.90657e-09	-7.51886e-12
576	445	1.00059	0.000497426	-3.81777e-06	1.26032e-08	-1.46584e-11
577	485	1.01184	2.72899e-05	1.07687e-06	-4.73511e-09	4.85917e-12
578	485	1.00458	0.000259019	-9.78997e-07	1.89754e-09	-2.38756e-12
579	505	1.00935	0.000123627	-8.94926e-08	-5.08758e-10	2.8915e-13
580	535	1.00864	0.000257903	-1.21566e-06	2.36756e-09	-1.95975e-12
581	585	1.00257	0.000487233	-3.86323e-06	9.0122e-09	-7.27408e-12
582	0	1.00000	0.00000	0.00000	0.00000	0.00000
583	575	1.01047	0.000130202	-2.14234e-07	-3.31071e-10	3.80404e-13
584	505	1.00468	0.000243138	-9.72457e-07	1.57597e-09	-1.42539e-12
585	565	1.0071	0.000130282	-3.63944e-07	6.60812e-10	-8.83152e-13
586	0	1.00000	0.00000	0.00000	0.00000	0.00000
587	605	1.00479	0.000163343	-4.04984e-07	2.0064e-10	2.28192e-14
588	625	1.0047	0.000123442	-2.53617e-07	9.7212e-11	-5.79211e-14
589	585	1.00249	0.000197434	-8.97333e-07	2.18594e-09	-2.16436e-12
590	615	1.00215	0.000180845	-6.80766e-07	1.24764e-09	-1.02015e-12
591	685	1.00259	0.000139655	-4.80803e-07	7.26688e-10	-5.18157e-13
592	575	1.00209	0.000217067	-9.48912e-07	2.07656e-09	-1.91956e-12
593	615	1.00339	0.000150979	-4.27715e-07	3.49575e-10	-1.14342e-13
594	625	1.0105	9.31694e-05	-1.39828e-07	-2.69121e-10	2.24236e-13
595	695	1.00477	9.52392e-05	-1.28538e-07	-2.34252e-10	2.45318e-13
596	725	1.00511	7.77144e-05	-1.58437e-07	4.48737e-12	4.13331e-14
597	0	1.00000	0.00000	0.00000	0.00000	0.00000
598	715	1.00786	0.000132409	-4.75771e-07	5.85398e-10	-3.84695e-13
599	715	1.00495	7.50375e-05	-1.98831e-07	1.99793e-10	-1.46022e-13
600	615	1.01249	8.26161e-05	-3.19134e-07	4.66579e-10	-4.90314e-13
601	635	1.00234	0.000158998	-6.45975e-07	1.11644e-09	-9.40383e-13
602	455	1.02341	-0.000342532	1.46112e-06	6.46254e-10	-4.51169e-12
603	665	1.00362	8.30524e-05	-1.67415e-07	-1.06257e-11	3.7874e-14
604	685	1.00297	0.000111548	-4.09547e-07	6.36642e-10	-5.06632e-13
605	565	1.00746	3.55741e-05	1.96753e-07	-1.12589e-09	1.07343e-12
606	645	1.00439	0.00016839	-7.45344e-07	1.21334e-09	-8.6892e-13
607	665	1.00465	0.000120053	-4.72184e-07	7.17886e-10	-5.83643e-13
608	545	1.00741	0.000122195	-3.36004e-07	-1.08359e-10	4.35349e-13
609	585	1.00498	0.000156121	-5.17652e-07	4.38411e-10	-2.65753e-13
610	525	1.0054	0.000137575	-8.03171e-07	2.26937e-09	-2.63658e-12
611	605	1.00367	9.89903e-05	-3.8499e-07	8.72071e-10	-9.72825e-13
612	595	1.00403	8.63578e-05	-2.11381e-07	5.43309e-11	5.89675e-14
613	525	1.00032	0.000211428	-1.11224e-06	2.77079e-09	-2.89084e-12
614	555	1.00541	8.21835e-05	-2.77001e-07	4.73901e-10	-6.14514e-13
615	525	1.00552	8.6847e-05	-3.83366e-07	9.49643e-10	-1.14407e-12
616	505	1.00345	0.000160754	-9.58981e-07	2.80911e-09	-3.51372e-12
617	505	1.0004	0.00022392	-1.24562e-06	3.269e-09	-3.6472e-12
618	475	1.00407	0.000145059	-5.92497e-07	1.39867e-09	-2.15437e-12
619	515	1.0028	0.000213388	-1.56857e-06	4.82292e-09	-5.29995e-12
620	495	1.00371	0.000139229	-6.20175e-07	1.54795e-09	-2.16984e-12
621	455	0.996844	0.000424959	-3.23893e-06	1.03235e-08	-1.18623e-11
622	475	1.01289	-3.14271e-05	7.32795e-07	-2.62057e-09	1.90912e-12
623	435	1.00316	0.000105061	6.00882e-08	-1.89926e-09	2.92813e-12
624	525	1.00225	0.000254493	-9.84656e-07	1.71963e-09	-1.32829e-12
625	605	1.00355	0.000221635	-8.80447e-07	1.58791e-09	-1.23645e-12
626	605	1.00305	0.000184581	-4.91008e-07	2.94032e-10	5.47719e-14
627	615	1.00432	0.000204708	-9.12413e-07	1.867e-09	-1.50614e-12
628	665	1.0043	0.000165494	-6.62023e-07	1.19252e-09	-8.74303e-13
629	685	1.00385	0.000136317	-3.79043e-07	4.82852e-10	-3.58669e-13
630	675	1.00482	0.000120987	-3.36028e-07	4.02981e-10	-2.86176e-13
631	795	1.00319	0.000119159	-3.50215e-07	3.84356e-10	-1.87838e-13
632	685	1.00168	0.000181796	-6.31749e-07	9.44467e-10	-6.21254e-13
633	745	1.00412	0.00011674	-3.37991e-07	3.9916e-10	-2.38529e-13
634	745	1.00279	0.000117711	-3.52154e-07	4.75355e-10	-3.20449e-13
635	775	1.00377	0.000107847	-3.03476e-07	3.30985e-10	-1.73193e-13
636	875	1.00245	0.00010853	-3.19429e-07	3.00892e-10	-1.11659e-13
637	805	1.00199	0.000123359	-4.17324e-07	6.26631e-10	-3.98445e-13
638	815	1.00252	0.00010598	-3.65301e-07	5.17542e-10	-2.75e-13
639	935	1.0054	5.48992e-05	-5.91749e-08	-9.75771e-11	9.20198e-14
640	785	1.00319	8.21084e-05	-1.89243e-07	1.56572e-10	-1.02867e-13
641	795	1.00199	8.37815e-05	-2.0336e-07	1.96009e-10	-9.50997e-14
642	805	1.00206	9.64522e-05	-2.93697e-07	3.55266e-10	-2.05793e-13
643	915	1.00258	7.88916e-05	-2.41141e-07	2.88544e-10	-1.44239e-13
644	995	1.00488	5.94413e-05	-1.3918e-07	1.01089e-10	-5.14264e-14
645	815	1.00319	7.58851e-05	-1.89942e-07	1.01777e-10	-1.20776e-14
646	955	1.00271	0.000110523	-3.89512e-07	4.64358e-10	-2.32924e-13
647	915	1.00185	0.00012779	-4.80062e-07	6.41981e-10	-3.53541e-13
648	715	1.00326	0.000144698	-5.76473e-07	8.22614e-10	-5.15846e-13
649	785	1.00454	8.65602e-05	-2.66632e-07	2.23404e-10	-1.20847e-13
650	695	1.00518	3.36714e-05	4.15895e-08	-3.51969e-10	2.24074e-13
651	845	1.00249	6.2993e-05	-1.54168e-07	9.32994e-11	-4.96218e-14
652	805	1.00182	7.09611e-05	-2.25652e-07	2.87003e-10	-1.86308e-13
653	705	1.00153	0.000104437	-3.78279e-07	5.44807e-10	-3.94913e-13
654	725	1.00323	5.54556e-05	-1.09901e-07	-7.33369e-12	6.00352e-15
655	685	1.00279	9.07452e-05	-4.18329e-07	8.27282e-10	-6.9892e-13
656	625	1.00269	9.80991e-05	-3.20224e-07	4.05972e-10	-3.22644e-13
657	565	1.00314	8.23618e-05	-1.11298e-07	-5.66357e-10	8.89765e-13
658	525	1.0036	0.000148592	-7.50112e-07	1.37571e-09	-9.95971e-13
659	615	1.00104	0.000135291	-6.24457e-07	1.33077e-09	-1.19061e-12
660	595	1.00566	9.25581e-05	-2.55674e-07	1.02856e-10	3.09995e-15
661	555	1.00524	0.000204303	-1.20562e-06	2.89862e-09	-2.76613e-12
662	465	1.00231	0.000158108	-1.00282e-06	2.96766e-09	-3.29961e-12
663	565	1.0083	6.92034e-05	-9.14543e-08	-2.19211e-10	8.8072e-14
664	525	1.00378	0.000168668	-8.46981e-07	1.71675e-09	-1.58038e-12
665	485	1.00666	3.4047e-05	1.87113e-07	-8.38695e-10	6.16497e-13
666	455	1.00587	0.000223988	-1.72579e-06	5.60939e-09	-6.79825e-12
667	515	1.00172	0.000196854	-8.8555e-07	1.57917e-09	-1.24452e-12
668	495	1.00369	7.26303e-05	8.36796e-08	-6.27086e-10	1.92964e-13
669	435	1.01253	-0.000164156	2.29872e-06	-8.71121e-09	9.71509e-12
670	395	1.00167	0.000252178	-1.96097e-06	6.88066e-09	-8.44638e-12
671	275	1.02243	-0.000734653	1.03744e-05	-5.39548e-08	9.79103e-11
672	0	1.00000	0.00000	0.00000	0.00000	0.00000
673	825	1.0038	0.00013419	-4.21454e-07	4.82855e-10	-2.58254e-13
674	835	1.00863	0.000110124	-3.82355e-07	4.7765e-10	-2.71771e-13
675	795	1.00439	0.000110126	-3.19713e-07	3.39417e-10	-1.5854e-13
676	895	1.01037	6.24565e-05	-1.67976e-07	8.99899e-11	-1.24038e-14
677	0	1.00000	0.00000	0.00000	0.00000	0.00000
678	0	1.00000	0.00000	0.00000	0.00000	0.00000
679	0	1.00000	0.00000	0.00000	0.00000	0.00000
680	995	1.00616	0.000122299	-4.2783e-07	5.25624e-10	-2.62504e-13
681	0	1.00000	0.00000	0.00000	0.00000	0.00000
682	0	1.00000	0.00000	0.00000	0.00000	0.00000
683	0	1.00000	0.00000	0.00000	0.00000	0.00000
684	0	1.00000	0.00000	0.00000	0.00000	0.00000
685	0	1.00000	0.00000	0.00000	0.00000	0.00000
686	0	1.00000	0.00000	0.00000	0.00000	0.00000
687	0	1.00000	0.00000	0.00000	0.00000	0.00000
688	0	1.00000	0.00000	0.00000	0.00000	0.00000
689	0	1.00000	0.00000	0.00000	0.00000	0.00000
690	965	1.00408	5.98988e-05	-1.60489e-07	1.76969e-10	-1.07385e-13
691	0	1.00000	0.00000	0.00000	0.00000	0.00000
692	0	1.00000	0.00000	0.00000	0.00000	0.00000
693	905	1.00276	4.66366e-05	-9.76063e-08	3.96672e-11	-4.72139e-15
694	915	1.0032	6.11582e-05	-1.49988e-07	1.69053e-10	-9.82662e-14
695	915	1.001	9.41129e-05	-3.32117e-07	4.54347e-10	-2.4499e-13
696	0	1.00000	0.00000	0.00000	0.00000	0.00000
697	835	1.00119	8.6969e-05	-2.74568e-07	3.58752e-10	-2.27506e-13
698	735	1.00211	8.48358e-05	-2.74102e-07	3.27519e-10	-1.91465e-13
699	855	1.00232	6.40097e-05	-1.4447e-07	5.5731e-11	5.04852e-15
700	775	1.00154	9.36107e-05	-3.04376e-07	4.15086e-10	-2.69024e-13
701	685	1.00204	9.2403e-05	-3.28964e-07	4.83193e-10	-3.48814e-13
702	685	1.00042	0.00010335	-2.90658e-07	2.70692e-10	-1.27053e-13
703	665	1.00328	6.01609e-05	-2.17476e-08	-3.86442e-10	3.86182e-13
704	625	1.00287	6.58624e-05	-9.40395e-08	-1.04274e-10	8.71611e-14
705	625	1.00415	5.44541e-05	5.39258e-08	-6.68025e-10	6.18913e-13
706	575	1.00184	0.000119101	-3.51415e-07	4.51504e-10	-4.35804e-13
707	655	1.00534	1.87939e-05	2.93653e-07	-1.11014e-09	8.1571e-13
708	595	1.00234	9.90025e-05	-1.92976e-07	-1.39697e-10	2.65281e-13
709	545	1.00272	0.000105274	-2.83136e-07	1.99191e-10	-1.15145e-13
710	555	1.00331	8.04909e-05	-7.88758e-08	-2.68727e-10	1.85449e-13
711	545	1.00178	0.000121404	-3.86018e-07	7.06625e-10	-8.64283e-13
712	515	1.00152	0.000175848	-9.77442e-07	2.70219e-09	-2.97001e-12
713	465	0.999913	0.000247077	-1.62861e-06	4.98949e-09	-5.62513e-12
714	455	1.00297	0.000170731	-8.38698e-07	2.55055e-09	-3.62025e-12
715	525	1.001	0.000188669	-9.86386e-07	2.54313e-09	-2.77051e-12
716	455	0.999326	0.000302763	-2.33957e-06	7.1507e-09	-8.16299e-12
717	465	1.0014	0.000247578	-1.67918e-06	5.61581e-09	-7.32117e-12
718	485	1.00386	0.000185854	-1.083e-06	3.15971e-09	-3.86129e-12
719	445	0.999842	0.000317165	-2.20072e-06	6.66618e-09	-7.72878e-12
