0	-1	-1	-1	-1	-1
1	-1	-1	-1	-1	-1
2	-1	-1	-1	-1	-1
3	-1	-1	-1	-1	-1
4	-1	-1	-1	-1	-1
5	-1	-1	-1	-1	-1
6	-1	-1	-1	-1	-1
7	-1	-1	-1	-1	-1
8	-1	-1	-1	-1	-1
9	7.5882e-05	0.99404	0.99529	1	1	
10	0	0.9983	0.9995	1	1	
11	-1	-1	-1	-1	-1
12	0.002003	0.96468	0.99471	0.99804	1	
13	0.0012938	0.98566	0.99668	0.99879	1	
14	0.0014666	0.97439	0.98955	0.99637	1	
15	0.001515	0.97	0.98955	0.99535	1	
16	0	0.99636	0.99922	0.9997	1	
17	-1	-1	-1	-1	-1
18	0	0.99648	0.99648	1	1	
19	-1	-1	-1	-1	-1
20	-1	-1	-1	-1	-1
21	-1	-1	-1	-1	-1
22	-1	-1	-1	-1	-1
23	-1	-1	-1	-1	-1
24	0	0.99757	0.99757	1	1	
25	-1	-1	-1	-1	-1
26	-1	-1	-1	-1	-1
27	-1	-1	-1	-1	-1
28	0.001169	0.97355	0.99525	0.99808	1	
29	0.002366	0.97696	0.99715	1	1	
30	0	0.98683	1	1	1	
31	0	0.98945	1	1	1	
32	-1	-1	-1	-1	-1
33	-1	-1	-1	-1	-1
34	-1	-1	-1	-1	-1
35	-1	-1	-1	-1	-1
36	-1	-1	-1	-1	-1
37	-1	-1	-1	-1	-1
38	-1	-1	-1	-1	-1
39	-1	-1	-1	-1	-1
40	-1	-1	-1	-1	-1
41	-1	-1	-1	-1	-1
42	-1	-1	-1	-1	-1
43	-1	-1	-1	-1	-1
44	-1	-1	-1	-1	-1
45	-1	-1	-1	-1	-1
46	-1	-1	-1	-1	-1
47	0	1	1	1	1	
48	-1	-1	-1	-1	-1
49	-1	-1	-1	-1	-1
50	-1	-1	-1	-1	-1
51	-1	-1	-1	-1	-1
52	-1	-1	-1	-1	-1
53	-1	-1	-1	-1	-1
54	-1	-1	-1	-1	-1
55	-1	-1	-1	-1	-1
56	-1	-1	-1	-1	-1
57	-1	-1	-1	-1	-1
58	-1	-1	-1	-1	-1
59	-1	-1	-1	-1	-1
60	-1	-1	-1	-1	-1
61	-1	-1	-1	-1	-1
62	-1	-1	-1	-1	-1
63	-1	-1	-1	-1	-1
64	-1	-1	-1	-1	-1
65	-1	-1	-1	-1	-1
66	0	0.99548	0.99548	1	1	
67	0	1	1	1	1	
68	-1	-1	-1	-1	-1
69	-1	-1	-1	-1	-1
70	-1	-1	-1	-1	-1
71	-1	-1	-1	-1	-1
72	0	0.99581	0.99581	1	1	
73	0.00039764	0.99953	0.99953	1	1	
74	-1	-1	-1	-1	-1
75	0.00038547	0.99696	0.99696	1	1	
76	-1	-1	-1	-1	-1
77	-1	-1	-1	-1	-1
78	-1	-1	-1	-1	-1
79	0.00039553	0.99867	0.99964	1	1	
80	-1	-1	-1	-1	-1
81	-1	-1	-1	-1	-1
82	-1	-1	-1	-1	-1
83	-1	-1	-1	-1	-1
84	-1	-1	-1	-1	-1
85	-1	-1	-1	-1	-1
86	0.00022507	0.99298	0.99479	1	1	
87	0.00033467	0.99769	0.99906	1	1	
88	0.00021683	0.99446	0.99557	1	1	
89	0	0.99533	0.99533	1	1	
